RESULTS OF 24 PRODUCTS
Makespan = Any[312.0] Days
Order = ["1D", "1D", "1D", "2D", "2D", "2D", "2D", "2D", "2D", "2D", "2D", "2D", "2D", "2D", "2D", "2D", "2D", "1D", "1D", "1D", "1D", "1D", "1D", "1D"]
Profit = 59.77 Million DKK
Solution time = Any[0.042999982833862305]

X VALUES
2-dimensional DenseAxisArray{Float64,2,...} with index sets:
    Dimension 1, 1:24
    Dimension 2, 1:5
And data, a 24×5 Matrix{Float64}:
  0.0   5.0   8.0  11.0  12.0
  0.0   7.0   7.0   9.0   0.0
  0.0   0.0   0.0   2.0   0.0
  0.0   4.0  13.0  15.0   0.0
  0.0   5.0   0.0   1.0   0.0
  0.0  10.0  14.0  15.0   0.0
  0.0   0.0   0.0   1.0   0.0
  0.0   5.0  14.0  15.0   0.0
  0.0   5.0   0.0   1.0   0.0
  0.0  10.0  14.0  15.0   0.0
  0.0   0.0   0.0   1.0   0.0
  0.0  10.0  14.0  15.0   0.0
  0.0   0.0   0.0   1.0   0.0
  0.0  10.0  14.0  15.0   0.0
  0.0   0.0   0.0   1.0   0.0
  0.0  10.0  14.0  15.0   0.0
  0.0   0.0   0.0   1.0   0.0
  0.0   0.0   0.0   1.0   0.0
  0.0   6.0   6.0  10.0   0.0
  0.0   0.0   0.0   0.0   0.0
  0.0   0.0  30.0  32.0   0.0
  0.0  30.0   0.0   2.0   0.0
  0.0   0.0   0.0   2.0   0.0
 24.0   0.0   0.0  23.0   0.0

Y VALUES
2-dimensional DenseAxisArray{Float64,2,...} with index sets:
    Dimension 1, 1:24
    Dimension 2, 1:5
And data, a 24×5 Matrix{Float64}:
  0.0   0.0                  0.0   0.0  0.0
  5.0   0.0                  0.0   0.0  0.0
  3.0   0.0                  0.0   7.0  0.0
  0.0   7.0                  0.0   0.0  0.0
  0.0   0.0                  0.0   7.0  0.0
  5.0   2.0                  0.0   0.0  0.0
  0.0   0.0                  0.0   7.0  0.0
  0.0   7.0                  0.0   0.0  0.0
  0.0   0.0                  0.0   7.0  0.0
  5.0   2.0                  0.0   0.0  0.0
  0.0   0.0                  0.0   7.0  0.0
  5.0   2.0                  0.0   0.0  0.0
  0.0   0.0                  0.0   7.0  0.0
  5.0   2.0000000000000018   0.0   0.0  0.0
  0.0   0.0                  0.0   7.0  0.0
  5.0   2.0                  0.0   0.0  0.0
  0.0   0.0                  0.0   7.0  0.0
  0.0   0.0                  0.0  15.0  0.0
  4.0   0.0                  2.0  14.0  0.0
  2.0   0.0                  0.0  23.0  0.0
  0.0  30.0                  0.0   0.0  0.0
 28.0   0.0                  0.0   7.0  0.0
 26.0   0.0                  0.0  14.0  0.0
  0.0   0.0                 21.0   0.0  0.0
