2-dimensional DenseAxisArray{Float64,2,...} with index sets:
    Dimension 1, 1:13
    Dimension 2, 1:5
And data, a 13×5 Matrix{Float64}:
 0.0   5.0   8.0  11.0  12.0
 0.0   7.0   7.0   9.0   0.0
 0.0   7.0   7.0   9.0   0.0
 0.0   0.0   6.0   8.0   0.0
 0.0   9.0   7.0   8.0   0.0
 0.0   0.0   7.0   8.0   0.0
 0.0  10.0   7.0   8.0   0.0
 0.0   0.0   0.0   1.0   0.0
 0.0  12.0  14.0  16.0   0.0
 0.0   0.0   0.0   1.0   0.0
 0.0  10.0  14.0  16.0   0.0
 0.0   0.0   0.0   9.0   0.0
 8.0   0.0   0.0   8.0   0.0