2-dimensional DenseAxisArray{Float64,2,...} with index sets:
    Dimension 1, 1:15
    Dimension 2, 1:5
And data, a 15×5 Matrix{Float64}:
  0.0   5.0   8.0  11.0  12.0
  0.0   7.0   7.0   9.0   0.0
  0.0   7.0   7.0   9.0   0.0
  0.0   4.0   6.0   8.0   0.0
  0.0   0.0   8.0   9.0   0.0
  0.0   0.0   6.0   8.0   0.0
  0.0   0.0   8.0   9.0   0.0
  0.0  24.0   6.0   8.0   0.0
  0.0   0.0   7.0   8.0   0.0
  0.0   0.0   0.0   1.0   0.0
  0.0  18.0  15.0  17.0   0.0
  0.0   0.0   0.0   2.0   0.0
  0.0   7.0  13.0  14.0   0.0
  0.0   0.0   0.0   1.0   0.0
 13.0   0.0   0.0  15.0   0.0