2-dimensional DenseAxisArray{Float64,2,...} with index sets:
    Dimension 1, 1:15
    Dimension 2, 1:5
And data, a 15×5 Matrix{Float64}:
 0.0   0.0   0.0   0.0  0.0
 0.0   0.0   0.0   5.0  0.0
 0.0   0.0   0.0   2.0  0.0
 0.0  10.0   0.0   0.0  0.0
 7.0   0.0   0.0   0.0  0.0
 5.0   0.0   0.0   2.0  0.0
 0.0   0.0   7.0   0.0  0.0
 2.0   0.0   0.0   5.0  0.0
 2.0   0.0  13.0   0.0  0.0
 0.0  16.0   4.0   0.0  0.0
 0.0   7.0   2.0   8.0  0.0
 0.0   0.0   1.0  16.0  0.0
 0.0   0.0   0.0  25.0  0.0
 0.0   0.0   0.0  22.0  0.0
 0.0   0.0  30.0   0.0  0.0