2-dimensional DenseAxisArray{Float64,2,...} with index sets:
    Dimension 1, 1:15
    Dimension 2, 1:5
And data, a 15×5 Matrix{Float64}:
  0.0   0.0   0.0  0.0  0.0
  5.0   0.0   0.0  0.0  0.0
 10.0   0.0   0.0  0.0  0.0
  7.0   0.0   0.0  0.0  0.0
  7.0   8.0   0.0  0.0  0.0
  0.0  12.0   0.0  0.0  0.0
  0.0  20.0   0.0  0.0  0.0
 17.0   0.0   0.0  0.0  0.0
 12.0   5.0   0.0  0.0  0.0
 12.0   5.0   0.0  8.0  0.0
 28.0   2.0   0.0  0.0  0.0
 21.0   0.0   0.0  6.0  0.0
 23.0   4.0   0.0  0.0  0.0
 18.0   2.0   0.0  7.0  0.0
  0.0   0.0  14.0  0.0  0.0