2-dimensional DenseAxisArray{Float64,2,...} with index sets:
    Dimension 1, 1:9
    Dimension 2, 1:9
And data, a 9×9 Matrix{Float64}:
 -0.0  -0.0   0.0   1.0  -0.0  -0.0  -0.0  -0.0  -0.0
 -0.0   1.0   0.0   0.0   0.0  -0.0   0.0   0.0  -0.0
 -0.0  -0.0   0.0  -0.0  -0.0   1.0  -0.0  -0.0  -0.0
  1.0   0.0  -0.0  -0.0  -0.0  -0.0  -0.0  -0.0  -0.0
 -0.0  -0.0   1.0  -0.0  -0.0  -0.0  -0.0  -0.0  -0.0
 -0.0  -0.0  -0.0  -0.0  -0.0  -0.0   1.0  -0.0  -0.0
 -0.0  -0.0  -0.0  -0.0  -0.0  -0.0  -0.0   1.0  -0.0
 -0.0   0.0   0.0  -0.0   1.0   0.0  -0.0  -0.0  -0.0
 -0.0  -0.0   0.0  -0.0  -0.0  -0.0   0.0  -0.0   1.0