2-dimensional DenseAxisArray{Float64,2,...} with index sets:
    Dimension 1, 1:13
    Dimension 2, 1:13
And data, a 13×13 Matrix{Float64}:
 -0.0   0.0  -0.0  -0.0  -0.0  -0.0  -0.0   1.0  -0.0  -0.0  -0.0  -0.0  -0.0
  1.0   0.0  -0.0  -0.0  -0.0  -0.0  -0.0  -0.0  -0.0  -0.0  -0.0  -0.0  -0.0
 -0.0   1.0  -0.0  -0.0  -0.0  -0.0  -0.0  -0.0  -0.0  -0.0   0.0  -0.0  -0.0
 -0.0  -0.0  -0.0  -0.0  -0.0  -0.0  -0.0  -0.0  -0.0  -0.0  -0.0   1.0  -0.0
 -0.0   0.0  -0.0  -0.0  -0.0  -0.0  -0.0  -0.0  -0.0   1.0  -0.0  -0.0  -0.0
 -0.0   0.0   1.0  -0.0  -0.0  -0.0  -0.0  -0.0  -0.0  -0.0  -0.0  -0.0  -0.0
 -0.0  -0.0  -0.0  -0.0  -0.0  -0.0  -0.0  -0.0  -0.0  -0.0  -0.0  -0.0   1.0
 -0.0  -0.0  -0.0   1.0   0.0  -0.0  -0.0  -0.0  -0.0  -0.0   0.0  -0.0   0.0
 -0.0  -0.0  -0.0  -0.0  -0.0   1.0  -0.0  -0.0  -0.0  -0.0  -0.0  -0.0   0.0
 -0.0  -0.0  -0.0  -0.0  -0.0  -0.0  -0.0  -0.0   1.0  -0.0  -0.0  -0.0  -0.0
 -0.0  -0.0  -0.0  -0.0  -0.0  -0.0   0.0  -0.0   0.0  -0.0   1.0   0.0  -0.0
 -0.0  -0.0  -0.0  -0.0  -0.0  -0.0   1.0  -0.0  -0.0  -0.0  -0.0  -0.0  -0.0
 -0.0  -0.0  -0.0  -0.0   1.0  -0.0  -0.0  -0.0  -0.0  -0.0  -0.0  -0.0   0.0