2-dimensional DenseAxisArray{Float64,2,...} with index sets:
    Dimension 1, 1:11
    Dimension 2, 1:11
And data, a 11×11 Matrix{Float64}:
  1.0  -0.0  -0.0  -0.0  -0.0  -0.0  -0.0  -0.0  -0.0  -0.0  -0.0
  0.0   1.0  -0.0  -0.0  -0.0  -0.0  -0.0  -0.0   0.0  -0.0  -0.0
 -0.0   0.0  -0.0  -0.0  -0.0   1.0  -0.0  -0.0  -0.0  -0.0  -0.0
 -0.0   0.0  -0.0  -0.0   1.0  -0.0  -0.0  -0.0  -0.0  -0.0  -0.0
 -0.0   0.0   1.0  -0.0  -0.0  -0.0  -0.0  -0.0  -0.0  -0.0  -0.0
 -0.0  -0.0  -0.0  -0.0  -0.0  -0.0  -0.0  -0.0  -0.0  -0.0   1.0
 -0.0  -0.0   0.0  -0.0   0.0  -0.0   0.0   0.0   1.0   0.0   0.0
 -0.0  -0.0  -0.0  -0.0  -0.0  -0.0   1.0  -0.0  -0.0  -0.0   0.0
 -0.0  -0.0  -0.0  -0.0  -0.0  -0.0  -0.0   1.0  -0.0  -0.0  -0.0
 -0.0  -0.0  -0.0  -0.0  -0.0  -0.0  -0.0  -0.0  -0.0   1.0  -0.0
 -0.0  -0.0  -0.0   1.0  -0.0  -0.0  -0.0   0.0  -0.0  -0.0  -0.0